-1588782755,
1523255220,
-141951347,
728554317,
918699843,
-369887299,
68553565,
-2085053237,
774384809,
523697564,
-1918254123,
-2069310704,
-906129242,
628022930,
440135394,
1762722064,
266471860,
-1180597589,
1315227809,
2075255882,
1579331765,
-208770756,
1668950470,
1698190601,
-1362456743,
1875442569,
341817173,
82411832,
1391461280,
1748224620,
-997528606,
-1040047093,
-1674420412,
1249095708,
-803140479,
1978528654,
1406322074,
107463072,
1818357085,
-1187946521,
888684558,
29591043,
-535800292,
1207500959,
405651581,
2017931614,
-2035911082,
1536508936,
155205147,
43385752,
-1319442896,
-775980877,
-812295315,
629265162,
-1289356843,
686888250,
1647338438,
-1963805898,
-1151219628,
1966467391,
-1828782929,
194578445,
-734374825,
45668655,
-2543264,
130337486,
1568668238,
1218458387,
1952547216,
-1374859711,
353051106,
-1246515516,
1916991768,
-1516926599,
590768026,
555345166,
424531600,
-1634648849,
-738374663,
-828099926,
-1810070687,
-1352069899,
114243582,
-1177546518,
402972236,
-95918140,
874936241,
-2096797258,
471676517,
1707572353,
137840606,
-116733116,
4056615,
-23735675,
-887556404,
-443615184,
-1065332555,
1793567009,
1050948334,
1450432080,
284945171,
-1594964549,
-126748093,
-1103341204,
2007654369,
1291171889,
-1208767548,
834966071,
292156431,
124222196,
1052394705,
1436131980,
722612937,
-1226080137,
1292220191,
1445566346,
-1673712696,
-1811669885,
432044889,
-1580112384,
-1057820444,
1244123701,
-2007813632,
533751123,
-1588113444,
-1449437574,
-1115707329,
-1253375268,
-1149033678,
506941705,
-222202588,
1334990773,
1509332586,
1449603224,
928911525,
-289965345,
1383254126,
1567459652,
55932720,
1173057253,
888883281,
1705372872,
1387622004,
-680548580,
1716298401,
472670795,
1371247263,
1992188947,
-1562438720,
-671951655,
-1198459431,
-77707816,
-1128968760,
1601734077,
-1016925919,
-454997526,
-480560453,
-2093239671,
25874987,
-828516411,
-837232743,
248910141,
264041650,
-531100775,
2036188261,
-91460899,
1912868869,
-8647973,
-638344996,
-2123597526,
724961948,
-337287354,
-633644663,
1603385406,
1331527459,
856022832,
1582735555,
-1571452023,
-1000105074,
1762950309,
-86878246,
-880904988,
-1808884199,
-658470518,
-2044691094,
-199697529,
-571395774,
-1958248413,
756807260,
527236823,
1849848076,
-1124259037,
-1320242018,
-964550652,
1659683639,
-1502550114,
938182986,
-408343441,
186823128,
227043288,
-614029098,
-1054880693,
1923162758,
-1749220025,
-1097795282,
200620306,
1633955270,
-1635405492,
-390033875,
1206994754,
-1045565377,
-847078017,
1178745686,
872273253,
469251397,
-1967953403,
-88673928,
2139554006,
93191306,
-602980316,
-1255046519,
-306941517,
-322146738,
1763980647,
580191137,
-1330965368,
344478948,
-1494332008,
-117166273,
-807299225,
505746229,
-2088410123,
1626752960,
-1106709926,
863015116,
98464112,
597158331,
46916742,
-1230481767,
1164385217,
433853009,
-1237010649,
-338014092,
-1730191464,
-2027590489,
-21127822,
-1005609310,
1307871130,
1814385519,
-906968206,
-846394782,
-1377277477,
-225855335,
-1946467413,
708915440,
-701842278,
1201364448,
1393090223,
-287423682,
811846013,
-918786173,
1873652686,
-525707233,
-954057287,
546090243,
-1058309887,
783883081,
-1631280401,
-1604984713,
-97951006,
-571928404,
-1382612453,
-241908476,
260227284,
1421887717,
800313616,
823331353,
1034953756,
-557535671,
-181878717,
614354799,
-1916258125,
820755780,
1745980290,
1030947979,
-2016373651,
1456685440,
176014317,
547388217,
1442048079,
365795304,
-600267403,
957457472,
-573778613,
1412150107,
2026481004,
838270301,
-1824584437,
-1941169583,
-791246634,
658275565,
-1241049848,
587578250,
271333436,
662621543,
-379052779,
-532451646,
595775978,
627541051,
-1607960029,
200950864,
271814674,
1407510842,
13982483,
-1908376948,
1036706098,
1275933989,
-1232576508,
1214331139,
1070168255,
-773356685,
1281063411,
-880009084,
1502574642,
1189715993,
-1666653604,
-606965326,
-1322791253,
4351011,
-811914517,
-2111153977,
-807329807,
-77617544,
-1481442352,
-1124005450,
-2078042865,
659647759,
-1916831124,
-231748919,
746188197,
268940545,
1387068806,
-399376196,
-1837868207,
493281877,
-2126605206,
-1529770116,
-398357890,
1770150934,
385947375,
562923777,
627565216,
-1310464056,
-1675906515,
-1212632414,
-1083358043,
-2073614228,
1545854565,
-672361629,
-652835391,
1075209907,
631858684,
1587822643,
1380260283,
-1045329709,
-1419311757,
-595879303,
-1115654569,
1532604096,
-916834187,
-112259554,
-623022525,
-1134158640,
2049070864,
1508858314,
472979315,
2105319262,
-1464092756,
1451368673,
-1559283788,
-877880,
-291250583,
-194921168,
-951973406,
-1595598311,
-2038642230,
-508450468,
1938882455,
-2048555563,
-1450231227,
1698993613,
-520424969,
-264701179,
1245065976,
-403962983,
-325984629,
-1655788053,
299250544,
-1057525057,
1149524193,
1074358672,
1814013772,
684043900,
1190461189,
954696894,
1546155713,
2022556651,
-419860664,
1674692598,
-1856054114,
1420476528,
699461175,
1753546304,
1511133241,
-1373143275,
-1807409837,
-1115633688,
1515271997,
-1787263750,
361382752,
1575104179,
-938539280,
1035549623,
-1128378111,
-632809596,
-1569444551,
-1343159299,
-245821927,
-737046401,
1378574440,
-1365150856,
291018683,
-1541889140,
2125027512,
840675117,
-200321454,
-961767832,
1383581910,
-353307229,
-251499565,
-1212953628,
-1077434738,
497635611,
1306030098,
-74035687,
-1875976780,
-870578868,
-1823412230,
-765398148,
1933702831,
1709433197,
922187306,
348655857,
54347909,
625713534,
1268893524,
1243706448,
-1986110912,
-1556241964,
-5108943,
-1936649243,
-1397084953,
1041037953,
-2045727285,
-1146023135,
-1124901963,
-878439882,
-1891198742,
-1829444554,
1884470568,
-1872207086,
-1739337223,
1854103260,
1297802313,
1638737453,
-968989768,
1299374028,
1574627914,
-1201958962,
-440152869,
392213749,
-1772323466,
1351785035,
-667785338,
1292066573,
-930507549,
866124909,
-88641604,
1796750924,
-677456096,
-436454191,
-1984502164,
2004726968,
103969565,
-2065678303,
-1982178743,
-63173437,
-616281309,
164763040,
-261666198,
-1504639637,
1899135059,
830240619,
730201097,
-1525337713,
1513899992,
-199982394,
224936783,
-2000972062,
608167393,
-1054405924,
18539069,
-1997691412,
1545447223,
-2136215205,
-1155441660,
2110699113,
-1147345307,
1160527351,
-1230856641,
-933379172,
1284232854,
-530871028,
-1140388463,
-1997945634,
-2099280575,
1945443931,
34474916,
-2050559104,
-1771533317,
-1953600692,
-2070364940,
1159734627,
-545098437,
662298129,
51389992,
-1151363043,
907887458,
548221875,
-444717920,
-1419398773,
-1732451170,
-2013113916,
2029532952,
-1308414768,
1757412790,
573160265,
-408783789,
1592073366,
-480753327,
1724447741,
-24339017,
1029137305,
-626565156,
902641214,
-1404384819,
1952784488,
-1806963295,
1250133883,
1402551028,
149857240,
-1929714342,
-1317346748,
-1953114880,
860946841,
-14344979,
-1569854728,
-1175830079,
-412797682,
-873566503,
-1582941192,
-1781728716,
-1114729811,
1017196362,
-630172162,
-541498844,
-1230989046,
29127682,
1012912547,
-1786160314,
-1628334602,
-1795343883,
-1678446405,
508397096,
1288431662,
-724338102,
1808120973,
1364694422,
-1601737060,
-106101771,
-350124927,
-852418222,
630218657,
2115754739,
601852218,
-659855607,
-194614786,
1526207328,
1864660012,
-1525551993,
-225578565,
-637033053,
649623773,
-189342713,
-2136029902,
-78125544,
189989799,
-586216604,
-739546677,
2045844091,
-923971926,
-1554593156,
541998878,
-981443797,
2116805198,
-1352700668,
-1268731064,
1584438683,
-861805535,
1135825615,
-914434129,
1962411674,
-180379843,
350261658,
